-125.0
-124.5
-124.0
-123.5
-123.0
-122.5
-122.0
-121.5
-121.0
-120.5
-120.0
-119.5
-119.0
-118.5
-118.0
-117.5
-117.0
-116.5
-116.0
-115.5
-115.0
-114.5
-114.0
-113.5
-113.0
-112.5
-112.0
-111.5
-111.0
-110.5
-110.0
-109.5
-109.0
-108.5
-108.0
-107.5
-107.0
-106.5
-106.0
-105.5
-105.0
-104.5
-104.0
-103.5
-103.0
-102.5
-102.0
-101.5
-101.0
-100.5
-100.0
-99.5
-99.0
-98.5
-98.0
-97.5
-97.0
-96.5
-96.0
-95.5
-95.0
-94.5
-94.0
-93.5
-93.0
-92.5
-92.0
-91.5
-91.0
-90.5
-90.0
-89.5
-89.0
-88.5
-88.0
-87.5
-87.0
-86.5
-86.0
-85.5
-85.0
-84.5
-84.0
-83.5
-83.0
-82.5
-82.0
-81.5
-81.0
-80.5
-80.0
-79.5
-79.0
-78.5
-78.0
-77.5
-77.0
-76.5
-76.0
-75.5
-75.0
-74.5
-74.0
-73.5
-73.0
-72.5
-72.0
-71.5
-71.0
-70.5
-70.0
-69.5
-69.0
-68.5
-68.0
-67.5
-67.0
-66.5
